3 -1 3 -1 1 2 3 5 6 7 -1 1 2 3 4 5 6 7 -1 1 2 3 4 5 6 7 -1 1 2 3 4 5 6 7 -1 1 2 3 4 5 6 7 -1 -2 
2 -1 2 3 -1 2 3 4 -1 1 2 3 4 7 -1 1 2 3 4 7 -1 1 2 3 4 7 -1 1 2 3 4 7 -1 1 2 3 4 7 -1 -2 
1 -1 1 7 -1 1 5 7 -1 1 4 5 7 -1 1 3 4 5 7 -1 1 3 4 5 7 -1 1 2 3 4 5 7 -1 1 2 3 4 5 7 -1 -2 
1 -1 1 5 7 -1 1 5 7 -1 1 3 5 7 -1 1 2 3 5 7 -1 1 2 3 4 5 7 -1 1 2 3 4 5 7 -1 1 2 3 4 5 7 -1 1 2 3 4 5 7 8 9 -1 -2 
3 -1 2 3 -1 1 2 3 -1 -2 
3 -1 2 3 -1 2 3 -1 2 3 -1 -2 
1 -1 1 7 -1 1 7 -1 1 7 -1 1 7 -1 -2 
3 -1 1 3 -1 1 2 3 -1 1 2 3 5 10 -1 1 2 3 4 5 7 10 -1 1 2 3 4 5 7 10 -1 1 2 3 4 5 7 10 -1 -2 
1 -1 1 7 -1 1 7 -1 1 2 7 -1 1 2 7 -1 -2 
3 -1 2 3 -1 2 3 -1 -2 
1 -1 1 5 7 -1 1 5 7 -1 1 5 7 -1 1 3 5 7 -1 1 2 3 5 7 -1 1 2 3 4 5 7 -1 1 2 3 4 5 7 -1 -2 
3 -1 3 -1 1 2 3 6 -1 1 2 3 4 6 10 -1 11 1 12 2 3 4 6 7 10 -1 11 1 12 2 3 4 6 7 10 -1 -2 
3 -1 3 -1 2 3 -1 1 2 3 4 5 -1 1 2 3 4 5 7 -1 1 2 3 4 5 7 -1 1 2 3 4 5 7 -1 -2 
2 -1 2 5 -1 1 2 5 7 -1 1 2 5 7 -1 1 2 5 7 -1 1 2 5 7 -1 -2 
1 -1 1 7 -1 1 7 -1 1 7 -1 1 7 -1 -2 
3 -1 2 3 -1 2 3 -1 -2 
5 -1 2 5 -1 -2 
2 -1 1 2 4 -1 1 2 13 3 4 -1 -2 
3 -1 3 -1 2 3 -1 1 2 3 4 -1 1 2 3 4 7 -1 1 2 3 4 7 -1 1 2 3 4 7 -1 1 2 3 4 7 -1 1 2 3 4 7 -1 -2 
3 -1 2 3 -1 1 2 3 -1 1 2 3 4 -1 -2 
1 -1 1 7 -1 1 7 -1 1 7 -1 1 7 -1 1 7 -1 1 7 -1 1 7 -1 -2 
1 -1 1 7 -1 1 7 -1 1 7 -1 1 2 7 -1 1 2 7 -1 -2 
3 -1 2 3 -1 1 2 3 -1 1 2 3 -1 1 2 3 -1 -2 
